11 process11 8 100 1753694037 64 128 1
27 process27 10 100 1753694037 64 128 1
28 process28 3 100 1753694037 64 128 1
4 process4 3 100 1753694037 64 128 1
29 process29 10 100 1753694037 64 128 1
30 process30 10 100 1753694037 64 128 1
12 process12 1 100 1753694037 64 128 1
31 process31 2 100 1753694037 64 128 1
5 process5 8 100 1753694037 64 128 1
32 process32 10 100 1753694037 64 128 1
13 process13 11 100 1753694037 64 128 1
33 process33 10 100 1753694037 64 128 1
34 process34 10 100 1753694037 64 128 1
0 process0 1 100 1753694037 64 128 1
35 process35 10 100 1753694037 64 128 1
36 process36 10 100 1753694037 64 128 1
14 process14 13 100 1753694037 64 128 1
37 process37 5 100 1753694037 64 128 1
6 process6 17 100 1753694037 64 128 1
38 process38 3 100 1753694037 64 128 1
67 process67 1 100 1753694038 64 128 1
15 process15 15 100 1753694037 64 128 1
68 process68 5 100 1753694038 64 128 1
69 process69 5 100 1753694038 64 128 1
70 process70 4 100 1753694038 64 128 1
39 process39 10 100 1753694037 64 128 1
71 process71 3 100 1753694038 64 128 1
40 process40 10 100 1753694037 64 128 1
72 process72 5 100 1753694038 64 128 1
16 process16 15 100 1753694037 64 128 1
73 process73 4 100 1753694038 64 128 1
41 process41 9 100 1753694037 64 128 1
74 process74 5 100 1753694038 64 128 1
75 process75 5 100 1753694038 64 128 1
76 process76 5 100 1753694038 64 128 1
42 process42 6 100 1753694037 64 128 1
77 process77 5 100 1753694038 64 128 1
1 process1 25 100 1753694037 64 128 1
43 process43 10 100 1753694037 64 128 1
78 process78 5 100 1753694038 64 128 1
79 process79 4 100 1753694038 64 128 1
17 process17 4 100 1753694037 64 128 1
80 process80 5 100 1753694038 64 128 1
81 process81 5 100 1753694038 64 128 1
82 process82 1 100 1753694038 64 128 1
44 process44 3 100 1753694037 64 128 1
18 process18 15 100 1753694037 64 128 1
83 process83 5 100 1753694038 64 128 1
84 process84 1 100 1753694038 64 128 1
45 process45 10 100 1753694037 64 128 1
46 process46 9 100 1753694037 64 128 1
85 process85 5 100 1753694038 64 128 1
86 process86 3 100 1753694038 64 128 1
87 process87 5 100 1753694038 64 128 1
7 process7 3 100 1753694037 64 128 1
88 process88 5 100 1753694038 64 128 1
89 process89 5 100 1753694038 64 128 1
47 process47 10 100 1753694037 64 128 1
48 process48 10 100 1753694037 64 128 1
90 process90 5 100 1753694038 64 128 1
91 process91 5 100 1753694038 64 128 1
19 process19 1 100 1753694037 64 128 1
92 process92 1 100 1753694038 64 128 1
49 process49 10 100 1753694037 64 128 1
93 process93 5 100 1753694038 64 128 1
2 process2 6 100 1753694037 64 128 1
94 process94 5 100 1753694038 64 128 1
95 process95 2 100 1753694038 64 128 1
96 process96 5 100 1753694038 64 128 1
50 process50 9 100 1753694037 64 128 1
20 process20 15 100 1753694037 64 128 1
97 process97 1 100 1753694038 64 128 1
98 process98 5 100 1753694038 64 128 1
51 process51 10 100 1753694037 64 128 1
99 process99 5 100 1753694038 64 128 1
52 process52 10 100 1753694037 64 128 1
100 process100 2 100 1753694038 64 128 1
101 process101 5 100 1753694038 64 128 1
8 process8 12 100 1753694037 64 128 1
102 process102 5 100 1753694038 64 128 1
103 process103 5 100 1753694038 64 128 1
53 process53 5 100 1753694037 64 128 1
54 process54 1 100 1753694037 64 128 1
104 process104 5 100 1753694038 64 128 1
105 process105 5 100 1753694038 64 128 1
21 process21 5 100 1753694037 64 128 1
106 process106 5 100 1753694038 64 128 1
107 process107 5 100 1753694038 64 128 1
108 process108 5 100 1753694038 64 128 1
55 process55 9 100 1753694037 64 128 1
22 process22 6 100 1753694037 64 128 1
109 process109 2 100 1753694038 64 128 1
110 process110 5 100 1753694038 64 128 1
56 process56 10 100 1753694037 64 128 1
3 process3 6 100 1753694037 64 128 1
111 process111 5 100 1753694038 64 128 1
112 process112 5 100 1753694038 64 128 1
113 process113 5 100 1753694038 64 128 1
57 process57 5 100 1753694037 64 128 1
114 process114 5 100 1753694038 64 128 1
115 process115 5 100 1753694038 64 128 1
23 process23 15 100 1753694037 64 128 1
58 process58 10 100 1753694037 64 128 1
116 process116 5 100 1753694038 64 128 1
117 process117 5 100 1753694038 64 128 1
59 process59 1 100 1753694038 64 128 1
118 process118 5 100 1753694038 64 128 1
119 process119 3 100 1753694038 64 128 1
120 process120 5 100 1753694039 64 128 1
24 process24 2 100 1753694037 64 128 1
60 process60 5 100 1753694038 64 128 1
121 process121 5 100 1753694039 64 128 1
122 process122 5 100 1753694039 64 128 1
61 process61 1 100 1753694038 64 128 1
9 process9 1 100 1753694037 64 128 1
123 process123 5 100 1753694039 64 128 1
124 process124 2 100 1753694039 64 128 1
125 process125 2 100 1753694039 64 128 1
62 process62 10 100 1753694038 64 128 1
126 process126 5 100 1753694039 64 128 1
127 process127 5 100 1753694039 64 128 1
25 process25 10 100 1753694037 64 128 1
63 process63 10 100 1753694038 64 128 1
128 process128 5 100 1753694039 64 128 1
129 process129 5 100 1753694039 64 128 1
10 process10 20 100 1753694037 64 128 1
130 process130 1 100 1753694039 64 128 1
64 process64 1 100 1753694038 64 128 1
131 process131 5 100 1753694039 64 128 1
132 process132 5 100 1753694039 64 128 1
26 process26 15 100 1753694037 64 128 1
133 process133 5 100 1753694039 64 128 1
134 process134 3 100 1753694039 64 128 1
